      0/99     1.54G     0.109   0.01731         0    0.1263        51       640  0.000645   0.02353 1.876e-05  2.15e-06     0.139   0.02034         0
      1/99     1.56G    0.1002   0.01262         0    0.1128        51       640 0.0001312  0.003922 1.175e-06 1.175e-07     0.139   0.02207         0
      2/99     1.56G    0.0962   0.01111         0    0.1073        36       640 0.0002131  0.007843 2.708e-06 5.839e-07    0.1388   0.02214         0
      3/99     1.56G   0.09096   0.01058         0    0.1015        67       640 0.0005494  0.003922 4.823e-06  8.42e-07    0.1418   0.02413         0
      4/99     1.56G   0.07351   0.01094         0   0.08445        70       640  0.001876  0.007843 1.436e-05 1.436e-06    0.1365   0.02904         0
      5/99     1.56G   0.06774   0.01253         0   0.08027        22       640   0.01016   0.01176 0.0005475 7.785e-05    0.1333   0.03075         0
      6/99     1.56G   0.05807   0.01318         0   0.07124        56       640   0.02442   0.06275  0.006055  0.001267    0.1292   0.03209         0
      7/99     1.56G   0.05497   0.01384         0   0.06881        65       640   0.06229    0.1059   0.01545  0.002686    0.1276   0.03389         0
      8/99     1.56G   0.05246   0.01286         0   0.06531        46       640    0.1396    0.1216   0.03774  0.006147    0.1263   0.03529         0
      9/99     1.56G   0.05224   0.01216         0    0.0644        82       640    0.1398    0.2235   0.06168   0.01056    0.1266   0.03087         0
     10/99     1.56G   0.05059   0.01086         0   0.06145        46       640    0.2688    0.2627    0.1343    0.0259    0.1257   0.02889         0
     11/99     1.56G   0.04993   0.01074         0   0.06067        49       640    0.2497    0.2863    0.1388    0.0275    0.1293   0.02523         0
     12/99     1.56G   0.04969   0.01161         0    0.0613        52       640    0.2695    0.2039    0.1129   0.02295    0.1252   0.02754         0
     13/99     1.56G   0.04625   0.01168         0   0.05793        37       640    0.2811    0.2118    0.1238   0.02373    0.1205   0.02965         0
     14/99     1.56G   0.04786   0.01132         0   0.05917        46       640    0.2009    0.3333    0.1333   0.02519    0.1187   0.03009         0
     15/99     1.56G   0.04542   0.01128         0    0.0567        75       640    0.2634    0.3451    0.1733   0.03386    0.1209   0.02912         0
     16/99     1.56G   0.04574   0.01144         0   0.05718        43       640    0.3496    0.3647    0.2726   0.05528    0.1175   0.03573         0
     17/99     1.56G   0.04147   0.01239         0   0.05386        43       640     0.252    0.4784    0.2219   0.04206    0.1244   0.03385         0
     18/99     1.56G   0.04186    0.0122         0   0.05406        84       640      0.28    0.5215    0.2774   0.05519    0.1245    0.0344         0
     19/99     1.56G   0.04162   0.01201         0   0.05363        51       640    0.2677    0.4627    0.2477   0.04323     0.125   0.03259         0
     20/99     1.56G   0.04547   0.01058         0   0.05605        68       640    0.3177    0.3529    0.2313   0.04772    0.1302   0.03038         0
     21/99     1.56G   0.04516   0.01081         0   0.05596        68       640    0.3604    0.3373    0.2476   0.05336    0.1277   0.02921         0
     22/99     1.56G   0.04312     0.011         0   0.05412        36       640    0.4336    0.3098    0.2842   0.06154     0.126   0.03053         0
     23/99     1.56G   0.04388   0.01102         0    0.0549        32       640    0.3415    0.5255    0.3513   0.06836     0.123   0.03251         0
     24/99     1.56G   0.04354   0.01117         0   0.05471        57       640    0.4178    0.4275     0.384   0.08355    0.1239   0.03299         0
     25/99     1.56G   0.04293   0.01026         0   0.05319        57       640    0.3382    0.3843    0.2702   0.06014     0.125   0.02899         0
     26/99     1.56G   0.04338  0.009498         0   0.05288        61       640    0.4088    0.3882    0.3177   0.07309     0.123   0.02935         0
     27/99     1.56G   0.04155   0.01086         0   0.05241        42       640    0.4592    0.4228    0.4165   0.07933    0.1218   0.03098         0
     28/99     1.56G   0.04163   0.01013         0   0.05176        73       640    0.4925    0.4528    0.4215    0.1009    0.1217   0.03216         0
     29/99     1.56G   0.04182  0.009427         0   0.05124        32       640    0.4978    0.4824    0.4745    0.1066     0.121   0.03336         0
     30/99     1.56G   0.04027   0.01001         0   0.05028        60       640     0.616    0.4215    0.4823    0.1088    0.1203   0.03188         0
     31/99     1.56G   0.03952   0.01076         0   0.05028        51       640    0.5636    0.5115     0.497    0.1116    0.1196   0.03167         0
     32/99     1.56G   0.04021   0.01043         0   0.05063        47       640    0.5553    0.5092     0.533     0.134    0.1197    0.0319         0
     33/99     1.56G    0.0395  0.009453         0   0.04895        66       640    0.5409    0.5373    0.5349    0.1312    0.1193   0.03256         0
     34/99     1.56G   0.03862   0.01021         0   0.04882       101       640    0.4434    0.5841     0.486    0.1077    0.1194   0.03171         0
     35/99     1.56G   0.03971   0.01003         0   0.04974        65       640    0.4926    0.5444     0.504    0.1251     0.119   0.03107         0
     36/99     1.56G   0.03895  0.009844         0   0.04879        54       640    0.5422    0.5686    0.5452    0.1389    0.1191   0.03103         0
     37/99     1.56G   0.03968  0.009929         0   0.04961        56       640    0.6208    0.5328    0.5642    0.1482    0.1197   0.03116         0
     38/99     1.56G   0.03818  0.009785         0   0.04797        69       640    0.6087    0.5373    0.5842    0.1585     0.118   0.03015         0
     39/99     1.56G   0.03769  0.009803         0    0.0475        54       640    0.5702    0.5566    0.5241    0.1393     0.117   0.03172         0
     40/99     1.56G   0.03811  0.009183         0    0.0473        69       640    0.5474     0.588    0.5592    0.1479     0.116   0.03199         0
     41/99     1.56G   0.03964   0.01045         0   0.05009        41       640    0.6553     0.502    0.5603    0.1487    0.1161   0.03163         0
     42/99     1.56G   0.03995  0.009548         0    0.0495        59       640    0.6899    0.5176    0.5846    0.1592     0.116   0.03201         0
     43/99     1.56G   0.03783   0.01046         0   0.04829        15       640    0.6627    0.4824    0.5388    0.1379    0.1163   0.03209         0
     44/99     1.56G   0.04163  0.009711         0   0.05134        42       640    0.5724    0.6196    0.5913    0.1501    0.1158   0.03258         0
     45/99     1.56G   0.03895  0.009904         0   0.04886        89       640    0.6377    0.5799    0.6083    0.1687    0.1152    0.0316         0
     46/99     1.56G   0.04046   0.01016         0   0.05061        57       640    0.6428    0.5373    0.5745     0.159     0.115   0.03155         0
     47/99     1.56G   0.03707  0.009411         0   0.04648        63       640    0.6593     0.592    0.6251    0.1715    0.1141   0.03174         0
     48/99     1.56G   0.03747    0.0101         0   0.04757        78       640     0.692    0.5294    0.6035    0.1713    0.1132   0.03219         0
     49/99     1.56G   0.03752   0.01001         0   0.04753        29       640    0.6678    0.5922    0.6138    0.1717    0.1132   0.03186         0
     50/99     1.56G   0.03893   0.00924         0   0.04817        45       640    0.6337    0.6314    0.6302    0.1898    0.1126   0.03228         0
     51/99     1.56G   0.03702   0.01011         0   0.04713        83       640    0.6649    0.5843    0.6074    0.1807    0.1119   0.03211         0
     52/99     1.56G   0.03658    0.0098         0   0.04638        60       640    0.6436    0.6232    0.6352      0.19    0.1101   0.03181         0
     53/99     1.56G   0.03637   0.01028         0   0.04664        64       640    0.6477    0.5913    0.6286    0.1936    0.1099   0.03224         0
     54/99     1.56G    0.0365   0.01024         0   0.04674        53       640    0.6639       0.6    0.6371    0.1912    0.1103   0.03243         0
     55/99     1.56G   0.03608  0.009507         0   0.04558        39       640    0.6432       0.6    0.6231    0.1904    0.1099   0.03294         0
     56/99     1.56G   0.03935  0.009397         0   0.04874        35       640    0.6195    0.6193    0.5995    0.1809     0.105   0.03221         0
     57/99     1.56G   0.04174   0.00969         0   0.05143        44       640    0.6954    0.5569    0.6067    0.1841    0.1047   0.03248         0
     58/99     1.56G   0.03688   0.01031         0   0.04719        82       640     0.619       0.6     0.603    0.1788    0.1043   0.03249         0
     59/99     1.56G   0.03843  0.009572         0     0.048       102       640    0.6578    0.5954    0.6091     0.178    0.1041   0.03296         0
     60/99     1.56G   0.04204  0.009655         0    0.0517        65       640    0.6769    0.5998    0.6079      0.17    0.1045   0.03286         0
     61/99     1.56G   0.03673  0.009828         0   0.04656        76       640    0.6661    0.6196    0.6445    0.1878    0.1044   0.03216         0
     62/99     1.56G    0.0372   0.01011         0   0.04731        62       640    0.6708    0.6313    0.6513    0.1955    0.1043   0.03199         0
     63/99     1.56G   0.03767  0.009959         0   0.04763        87       640    0.7214    0.5922     0.666    0.1959    0.1044   0.03213         0
     64/99     1.56G    0.0357   0.01012         0   0.04582        59       640     0.639    0.6824    0.6762    0.1945    0.1043   0.03215         0
     65/99     1.56G    0.0357   0.01038         0   0.04608        47       640    0.6471    0.6544    0.6668    0.1936    0.1044   0.03218         0
     66/99     1.56G   0.03777   0.01052         0    0.0483        51       640     0.649    0.6314    0.6595    0.1968    0.1044   0.03241         0
     67/99     1.56G   0.03578   0.01026         0   0.04603        59       640     0.698    0.5922    0.6659    0.1951    0.1044   0.03264         0
     68/99     1.56G   0.03608  0.009063         0   0.04515        50       640    0.7297    0.5843    0.6746    0.2043    0.1041   0.03275         0
     69/99     1.56G   0.03577   0.01026         0   0.04604        56       640    0.6416    0.6706     0.679     0.209    0.1038   0.03239         0
     70/99     1.56G   0.03679   0.01007         0   0.04686        55       640    0.6499    0.6706    0.6921    0.2182     0.104   0.03176         0
     71/99     1.56G   0.03688    0.0101         0   0.04698        34       640    0.6541    0.6824    0.6916    0.2018    0.1041   0.03186         0
     72/99     1.56G   0.03744   0.01055         0   0.04799        42       640    0.7079    0.6271    0.6863    0.1973    0.1041   0.03216         0
     73/99     1.56G   0.03695  0.009516         0   0.04646        89       640    0.6895    0.6269     0.664    0.1928    0.1042   0.03254         0
     74/99     1.56G   0.03894   0.01036         0    0.0493        80       640    0.6734    0.6471    0.6743    0.2027    0.1038   0.03245         0
     75/99     1.56G    0.0349   0.01018         0   0.04508        41       640    0.6956    0.6452    0.6751    0.2054     0.104   0.03204         0
     76/99     1.56G   0.03675   0.01001         0   0.04676        30       640    0.6761    0.6471    0.6708    0.2143    0.1037   0.03199         0
     77/99     1.56G   0.03701    0.0102         0    0.0472        26       640    0.6943    0.6157     0.673    0.2078    0.1039   0.03203         0
     78/99     1.56G   0.03546   0.01032         0   0.04578        55       640    0.6513    0.6666    0.6882    0.2096    0.1039   0.03186         0
     79/99     1.56G   0.03991  0.009465         0   0.04938        71       640    0.6707    0.6311     0.659    0.2069    0.1039   0.03171         0
     80/99     1.56G    0.0382   0.01018         0   0.04838        36       640    0.6788    0.6314    0.6608    0.1994     0.104   0.03204         0
     81/99     1.56G   0.03465  0.009993         0   0.04464        47       640    0.6763    0.6314     0.666    0.2085    0.1038   0.03186         0
     82/99     1.56G   0.03473   0.01025         0   0.04498        62       640    0.6508    0.6506    0.6714    0.2104    0.1037   0.03198         0
     83/99     1.56G   0.03683  0.009434         0   0.04626        43       640    0.6966     0.651    0.6978    0.2166    0.1035   0.03203         0
     84/99     1.56G    0.0346   0.01067         0   0.04526        62       640    0.6888    0.6549    0.6838    0.2021    0.1037   0.03249         0
     85/99     1.56G   0.03472   0.01001         0   0.04474        86       640    0.7024    0.6118    0.6665    0.2067    0.1035    0.0326         0
     86/99     1.56G   0.03453   0.00988         0   0.04441        53       640     0.711    0.6078    0.6689    0.2115    0.1035   0.03263         0
     87/99     1.56G   0.03784   0.01068         0   0.04852        47       640    0.6823     0.651    0.6932    0.2172    0.1033   0.03239         0
     88/99     1.56G   0.03435  0.009334         0   0.04368        38       640    0.6893    0.6353    0.6889    0.2189    0.1033   0.03236         0
     89/99     1.56G   0.03462    0.0101         0   0.04472        54       640    0.6739    0.6549    0.6913    0.2173    0.1033    0.0324         0
     90/99     1.56G   0.03394   0.01023         0   0.04417        46       640    0.6667    0.6431    0.6723    0.2121    0.1033   0.03246         0
     91/99     1.56G   0.03441    0.0101         0   0.04451        45       640    0.7273    0.6078    0.6808    0.2134    0.1033   0.03226         0
     92/99     1.56G   0.03634  0.009936         0   0.04628        68       640     0.731    0.6196      0.71    0.2204    0.1032   0.03216         0
     93/99     1.56G   0.03816   0.01005         0   0.04821        78       640    0.7572    0.6116    0.7171    0.2236    0.1031   0.03223         0
     94/99     1.56G   0.03642  0.009712         0   0.04613        65       640    0.7632    0.6078    0.7177    0.2225    0.1032   0.03227         0
     95/99     1.56G   0.03821   0.01047         0   0.04868        71       640    0.7287    0.6118     0.692    0.2186    0.1032   0.03236         0
     96/99     1.56G   0.03464   0.01003         0   0.04467        55       640    0.7066    0.6233    0.6845    0.2183    0.1032    0.0324         0
     97/99     1.56G   0.03549   0.00997         0   0.04546        85       640    0.6773    0.6584    0.6884    0.2232    0.1032   0.03222         0
     98/99     1.56G    0.0344  0.009778         0   0.04418        68       640    0.7395    0.6157    0.7024    0.2219    0.1032   0.03216         0
     99/99     1.56G   0.03663  0.009698         0   0.04633        39       640    0.6799    0.6582    0.6982    0.2249    0.1031   0.03204         0
