      0/99     7.42G   0.08995    0.0216         0    0.1116        75       640 0.0001151  0.004545 1.081e-06 2.162e-07    0.1276   0.03195         0
      1/99     7.39G   0.07812   0.01907         0   0.09718        99       640 0.0002121  0.009091  3.08e-06 1.031e-06    0.1215   0.03491         0
      2/99     7.39G   0.06961   0.01754         0   0.08715        73       640 0.0009477   0.01364 1.895e-05 2.429e-06     0.122   0.03345         0
      3/99     7.39G   0.06686    0.0174         0   0.08426        82       640  0.001294   0.01364 4.416e-05 7.077e-06    0.1216   0.03599         0
      4/99     7.39G    0.0636   0.01758         0   0.08118       125       640  0.001876   0.08182 0.0001689 2.941e-05    0.1327   0.03623         0
      5/99     7.39G   0.05173   0.01809         0   0.06982        65       640   0.02588    0.1318  0.009115   0.00162    0.1227   0.03587         0
      6/99     7.39G   0.05188   0.01675         0   0.06864        50       640    0.1534    0.2591    0.0757   0.01324    0.1306   0.02835         0
      7/99     7.39G   0.04518   0.01314         0   0.05832       111       640    0.2041    0.3497    0.1393   0.02806     0.133    0.0249         0
      8/99     7.39G   0.04786   0.01281         0   0.06067        75       640   0.02504   0.05909   0.00341  0.000463    0.1366    0.0252         0
      9/99     7.39G   0.05002   0.01189         0    0.0619        70       640    0.0141    0.1227  0.004353 0.0008242     0.148   0.03266         0
     10/99     7.39G   0.04283   0.01182         0   0.05465        61       640    0.1493    0.1409   0.05616   0.00918    0.1446   0.02345         0
     11/99     7.39G   0.03183   0.01127         0    0.0431        60       640    0.1626    0.2364   0.07956   0.01636     0.146   0.01905         0
     12/99     7.39G   0.03778   0.01115         0   0.04893        66       640    0.2464    0.2636    0.1339   0.02506    0.1336   0.02234         0
     13/99     7.39G   0.03394   0.01078         0   0.04472        73       640   0.03813   0.07727  0.009967  0.001561    0.1352   0.03158         0
     14/99     7.39G   0.03772   0.01175         0   0.04947        43       640 0.0001089  0.004545 1.026e-06 2.052e-07     0.164   0.07194         0
     15/99     7.39G   0.03221   0.01199         0    0.0442        64       640  0.006021    0.2318  0.001496 0.0002662    0.1381     3.682         0
     16/99     7.39G   0.03406   0.01144         0   0.04549        71       640    0.2288      0.15    0.0854   0.01774    0.1391   0.02268         0
     17/99     7.39G   0.02797   0.01471         0   0.04268        85       640    0.1209    0.1136   0.02938  0.005222    0.1584   0.02001         0
     18/99     7.39G    0.0314   0.01338         0   0.04478       125       640    0.1101    0.1045   0.03224  0.007628    0.1556   0.02263         0
     19/99     7.39G    0.0275   0.01196         0   0.03946        50       640   0.04816   0.07273  0.009747  0.001635    0.1554    0.0248         0
     20/99     7.39G   0.03237   0.01501         0   0.04738        98       640   0.04995   0.08182   0.01281  0.002153    0.1507   0.02876         0
     21/99     7.39G   0.03727   0.01435         0   0.05162        63       640    0.1945      0.15   0.06269   0.01134     0.149   0.02829         0
     22/99     7.39G   0.03373   0.01587         0    0.0496        95       640   0.01677   0.03636  0.002116 0.0003175     0.139   0.03231         0
     23/99     7.39G   0.03045   0.01399         0   0.04444       104       640    0.1082    0.1455    0.0455  0.008615    0.1433   0.02483         0
     24/99     7.39G   0.02883   0.01398         0   0.04281        42       640    0.1586    0.2636   0.08728   0.01628    0.1412   0.02283         0
     25/99     7.39G   0.02946   0.01202         0   0.04148        64       640    0.1168    0.1773   0.03469  0.005923    0.1488   0.02745         0
     26/99     7.39G   0.02744   0.01354         0   0.04098        65       640    0.2736    0.1045   0.05585   0.01246    0.1516   0.02277         0
     27/99     7.39G   0.03254   0.01294         0   0.04548        55       640     0.127    0.2636   0.07533   0.01428    0.1483   0.02312         0
     28/99     7.39G   0.03256   0.01318         0   0.04574        91       640    0.1683    0.3318    0.1336   0.02763    0.1443   0.02078         0
     29/99     7.39G    0.0328   0.01248         0   0.04529        68       640    0.2115    0.2864    0.1563   0.02685    0.1446   0.01913         0
     30/99     7.39G   0.02694   0.01257         0   0.03951       111       640    0.1385   0.09091   0.02741  0.005921    0.1389   0.02809         0
     31/99     7.39G   0.03358   0.01373         0   0.04731        31       640    0.1123    0.1864   0.05137   0.01183    0.1412    0.0236         0
     32/99     7.39G   0.02649   0.01282         0   0.03931        76       640    0.2189    0.2955    0.1505   0.03197    0.1387   0.02121         0
     33/99     7.39G   0.02857   0.01275         0   0.04132        75       640    0.1558    0.2045   0.09162   0.02085    0.1433    0.0209         0
     34/99     7.39G    0.0266   0.01294         0   0.03953        94       640    0.3158    0.2273    0.1773   0.03905    0.1439   0.02108         0
     35/99     7.39G   0.02384   0.01274         0   0.03658        54       640    0.2687    0.3223    0.1869   0.04154     0.144   0.02032         0
     36/99     7.39G   0.03281   0.01224         0   0.04505        90       640    0.3292    0.3091    0.2125   0.04968    0.1439   0.02005         0
     37/99     7.39G    0.0273   0.01262         0   0.03992        91       640    0.3575    0.2934    0.2413   0.05341    0.1449   0.01933         0
     38/99     7.39G   0.02697   0.01228         0   0.03926        73       640    0.2639    0.4045    0.2092   0.04901    0.1441   0.01958         0
     39/99     7.39G   0.02629    0.0123         0   0.03859        91       640    0.2962       0.4    0.2258   0.05249    0.1437   0.01935         0
     40/99     7.39G   0.03485   0.01157         0   0.04641        55       640    0.3462    0.3318    0.2418   0.06145    0.1427   0.01954         0
     41/99     7.39G   0.03347    0.0122         0   0.04567        84       640    0.3402    0.3455    0.2365   0.05814    0.1425   0.01953         0
     42/99     7.39G   0.02961    0.0129         0   0.04252       105       640    0.3042    0.3816    0.2265   0.04848    0.1426   0.01944         0
     43/99     7.39G   0.03182   0.01253         0   0.04435        64       640    0.2693    0.4227    0.2098   0.04983     0.143   0.01915         0
     44/99     7.39G   0.03152   0.01222         0   0.04375        56       640    0.2502    0.4091    0.1997   0.04305    0.1425   0.01922         0
     45/99     7.39G   0.02919   0.01173         0   0.04092        47       640    0.2849    0.4045    0.2226   0.04858    0.1419   0.01897         0
     46/99     7.39G    0.0323   0.01231         0   0.04461        85       640     0.303       0.4    0.2524   0.05215     0.142   0.01921         0
     47/99      7.4G   0.02732   0.01294         0   0.04026        68       640    0.3196    0.4227    0.2728   0.05615    0.1419   0.01915         0
     48/99      7.4G   0.02554    0.0124         0   0.03794        91       640    0.2815    0.4559    0.2301    0.0484    0.1421    0.0187         0
     49/99      7.4G   0.03297   0.01168         0   0.04465        38       640    0.2576    0.4364    0.2291   0.05251    0.1408   0.01874         0
     50/99      7.4G   0.02408   0.01192         0     0.036        48       640    0.2759    0.4455    0.2633   0.06543    0.1407   0.01854         0
     51/99      7.4G   0.03079   0.01144         0   0.04223        69       640     0.252    0.4272    0.2447   0.05536    0.1411   0.01905         0
     52/99      7.4G   0.03215   0.01188         0   0.04403        51       640    0.3155    0.4318    0.2804   0.06388    0.1409   0.01835         0
     53/99      7.4G   0.02358     0.012         0   0.03559       108       640    0.2801    0.4864    0.2483   0.05305    0.1403   0.01832         0
     54/99      7.4G   0.02365   0.01205         0    0.0357        85       640    0.3087    0.4955    0.2781    0.0624    0.1409   0.01861         0
     55/99      7.4G    0.0234   0.01128         0   0.03468        99       640    0.3296    0.4773    0.2963   0.05898    0.1395   0.01882         0
     56/99      7.4G   0.02654   0.01202         0   0.03856        68       640    0.3234      0.45    0.2692   0.05862    0.1387   0.01799         0
     57/99      7.4G   0.03079   0.01159         0   0.04238        89       640    0.3825    0.3636    0.2801   0.05772    0.1379   0.01814         0
     58/99      7.4G   0.03026   0.01246         0   0.04271        58       640    0.3746    0.3273    0.2629   0.05088     0.138   0.01801         0
     59/99      7.4G   0.02533   0.01233         0   0.03766        84       640    0.3638    0.4182    0.2954   0.05838    0.1384   0.01811         0
     60/99      7.4G   0.02668   0.01166         0   0.03834        63       640    0.3362    0.3707    0.2598     0.049    0.1383   0.01781         0
     61/99      7.4G   0.03179   0.01201         0    0.0438        81       640    0.2218     0.377     0.175   0.03789    0.1434   0.02024         0
     62/99      7.4G   0.02559   0.01232         0   0.03792        82       640    0.1887    0.3727    0.1284   0.02405     0.141   0.02027         0
     63/99      7.4G   0.02885   0.01193         0   0.04078        47       640    0.2494    0.2909    0.1596   0.03203     0.139   0.01973         0
     64/99      7.4G   0.02528   0.01178         0   0.03706        57       640    0.3075    0.3727    0.2111   0.04076     0.136   0.01925         0
     65/99      7.4G   0.02601   0.01249         0    0.0385        64       640    0.2372    0.3773    0.1577   0.03417    0.1404   0.02055         0
     66/99      7.4G   0.02669   0.01198         0   0.03867        78       640    0.1998       0.3    0.1215   0.02323    0.1325   0.02085         0
     67/99      7.4G   0.03026   0.01265         0   0.04292       125       640    0.2056    0.3399    0.1594   0.03292    0.1305   0.02048         0
     68/99      7.4G    0.0348   0.01236         0   0.04717        68       640    0.2395    0.4364    0.2237   0.04554    0.1322   0.02002         0
     69/99      7.4G   0.02534   0.01331         0   0.03864        78       640    0.2834    0.3864     0.235   0.04534     0.132   0.01904         0
     70/99      7.4G   0.03559    0.0125         0   0.04808        85       640    0.2881    0.4955    0.2715   0.05834    0.1322   0.01851         0
     71/99      7.4G   0.02554   0.01173         0   0.03726        88       640    0.3829    0.3591    0.2983   0.06326    0.1322    0.0187         0
     72/99      7.4G   0.02498   0.01181         0   0.03679        56       640    0.2884    0.5364    0.3136   0.06996    0.1328   0.01867         0
     73/99      7.4G   0.03216   0.01166         0   0.04382        77       640    0.3963    0.3364    0.3118   0.06726    0.1335   0.01963         0
     74/99      7.4G   0.02796   0.01339         0   0.04135        69       640    0.3576    0.3719     0.304   0.06589    0.1334   0.01897         0
     75/99      7.4G   0.02621   0.01262         0   0.03883        77       640    0.3346    0.4545    0.3348    0.0715    0.1333   0.01902         0
     76/99      7.4G   0.02878   0.01216         0   0.04094        59       640    0.3044    0.4682     0.296   0.06491    0.1328   0.01929         0
     77/99      7.4G   0.03148   0.01267         0   0.04415        69       640    0.3332    0.4727    0.3239    0.0737    0.1324   0.01876         0
     78/99      7.4G   0.02302   0.01188         0    0.0349       117       640    0.2757      0.55    0.2944   0.07083    0.1326   0.01917         0
     79/99      7.4G   0.02504   0.01227         0   0.03731        66       640    0.3867       0.4    0.3227   0.07461    0.1328   0.01911         0
     80/99      7.4G   0.02974   0.01222         0   0.04196        85       640    0.2738    0.5175    0.2674   0.06475    0.1326   0.01841         0
     81/99      7.4G    0.0251   0.01147         0   0.03657       102       640    0.4302    0.4091    0.3395   0.07982    0.1318   0.01818         0
     82/99      7.4G   0.03293   0.01244         0   0.04537        88       640     0.371    0.5273    0.3397    0.0822    0.1315   0.01823         0
     83/99      7.4G    0.0284    0.0123         0    0.0407       105       640     0.402    0.4636    0.3405   0.08019    0.1311   0.01824         0
     84/99      7.4G   0.03312   0.01137         0   0.04449        60       640     0.406    0.4409    0.3264   0.08056    0.1309   0.01805         0
     85/99      7.4G   0.03154   0.01242         0   0.04396        76       640     0.442    0.4045    0.3288    0.0772    0.1305   0.01803         0
     86/99      7.4G   0.02684   0.01147         0   0.03831        52       640    0.3777    0.4591    0.3206   0.07693    0.1306   0.01803         0
     87/99      7.4G   0.02629   0.01181         0    0.0381        71       640    0.3893    0.4045    0.2925   0.07131    0.1301   0.01813         0
     88/99      7.4G   0.02484   0.01282         0   0.03766       119       640     0.389    0.3682    0.3027   0.06478     0.127   0.01806         0
     89/99      7.4G   0.02447   0.01176         0   0.03623        46       640    0.3941    0.3818    0.3213   0.07035    0.1266   0.01807         0
     90/99      7.4G   0.02453    0.0119         0   0.03643        56       640    0.3113    0.5182    0.3226    0.0776    0.1263    0.0181         0
     91/99      7.4G   0.02095   0.01239         0   0.03334       119       640    0.3221    0.4545    0.3056   0.06642    0.1271   0.01812         0
     92/99      7.4G   0.02591   0.01234         0   0.03825        84       640    0.3652    0.4773    0.3393   0.08407    0.1271   0.01784         0
     93/99      7.4G    0.0243   0.01129         0   0.03559        89       640    0.4107    0.4545    0.3576   0.08571     0.127   0.01787         0
     94/99      7.4G   0.02468   0.01159         0   0.03627       113       640    0.3845    0.4573    0.3299   0.07226    0.1286     0.018         0
     95/99      7.4G   0.02821   0.01239         0    0.0406        32       640    0.3817    0.4818    0.3561   0.07726    0.1289   0.01786         0
     96/99      7.4G   0.03523    0.0121         0   0.04732       101       640    0.4087    0.4636    0.3545   0.08399    0.1288   0.01805         0
     97/99      7.4G   0.02806    0.0116         0   0.03966       101       640    0.4205    0.4409    0.3561   0.08105     0.129   0.01809         0
     98/99      7.4G   0.02269   0.01153         0   0.03422        44       640    0.4674    0.4591     0.373   0.08181    0.1279   0.01783         0
     99/99      7.4G   0.02782   0.01123         0   0.03905        93       640    0.5188    0.4362     0.381   0.08383    0.1278   0.01797         0
